4
golfman
-16
5
2
0
14
-5
-21
5
-9
-5
-23
3
-20
-7
-21
-3
-13
2
-22
6
-12
4
-15
11
-11
-9
-18
-3
-11
-9
-15
-5
-10
-5
-11
0
-6
0
-9
4
-6
1
-7
5
-3
1
-3
5
0
-5
-3
-2
0
-4
-8
-1
-2
-6
-9
-4
-7
golfman_run_0
-16
5
5
4
6
-21
12
-14
-11
-14
-7
-9
-1
-5
6
0
-6
-6
-2
-1
10
-5
-21
5
-9
-7
-22
5
-20
-13
-19
-5
-15
-6
-10
3
-5
-8
-15
-3
-11
4
-16
9
-12
7
-19
11
-14
-12
-15
-8
-10
-1
-6
5
0
-5
-7
-2
-1
golfman
-16
5
2
0
14
-6
-21
4
-9
4
-20
7
-12
-4
-23
3
-21
-9
-19
-5
-14
-10
-15
-7
-10
-7
-13
-4
-10
-6
-10
4
-7
-4
-8
-2
-4
-5
-6
-2
-1
1
-4
4
0
1
-9
5
-4
-5
-4
-2
0
3
-14
9
-11
6
-16
11
-11
golfman_run_1
-16
5
5
4
-2
-18
2
-12
4
-13
8
-9
3
-5
9
0
-6
-7
-2
-2
9
-7
-22
6
-9
5
-18
7
-13
-9
-19
-4
-14
-7
-9
3
-5
-7
-6
-1
-2
1
-9
4
-3
2
-4
9
0
3
-8
5
-4
4
-14
8
-8
