4
crouching_idle_x
-25
0
4
0
16
-6
-83
12
-57
-7
-61
13
-34
20
-11
37
-2
-10
-39
10
-25
-12
-32
7
-2
-25
-24
-8
-5
1
-32
16
-13
11
-57
20
-36
12
-41
26
-15
16
-17
24
-3
-19
-60
-6
-34
11
-67
16
-57
12
-64
21
-57
18
-52
23
-39
18
-66
28
-54
20
-55
27
-44
crouching_kick_x
-25
5
6
4
43
-16
56
5
27
-12
46
1
13
-22
33
-8
5
-30
22
-16
20
-5
-84
11
-58
-10
-60
11
-31
-20
-60
-7
-45
-23
-47
-8
-34
18
-67
29
-54
17
-58
27
-47
14
-50
24
-36
10
-59
18
-35
-10
-35
7
-20
-10
-24
3
-14
-12
-15
0
-4
-13
-6
-1
-1
-16
-22
-10
-8
-26
-18
-15
-4
4
-31
17
-14
12
-28
24
-10
20
-22
31
-7
29
-14
39
-2
39
-7
45
2
44
-14
54
5
crouching_kick_x
-25
5
3
0
20
-5
-84
11
-58
-10
-60
11
-31
-20
-60
-7
-45
-23
-47
-8
-34
18
-67
29
-54
17
-58
27
-47
14
-50
24
-36
10
-59
18
-35
-10
-35
7
-20
-10
-24
3
-14
-12
-15
0
-4
-13
-6
-1
-1
-16
-22
-10
-8
-26
-18
-15
-4
4
-31
17
-14
12
-28
24
-10
20
-22
31
-7
29
-14
39
-2
39
-7
45
2
44
-14
54
5
crouching_idle_x
-25
0
2
0
20
-5
-83
11
-57
-11
-58
13
-35
-18
-59
-6
-51
-22
-54
-7
-35
-16
-37
4
-33
-11
-38
8
-27
-10
-29
3
-11
-13
-16
0
-1
-16
-24
-9
-13
-20
-19
-11
-10
-24
-15
-15
-5
2
-26
14
-13
6
-31
18
-23
10
-40
27
-29
12
-32
25
-15
15
-17
23
-9
14
-10
37
-3
10
-59
18
-50
11
-50
24
-39
18
-67
29
-50
