4
crouching_idle_x
-25
0
1
0
13
17
-68
29
-57
-7
-61
13
-34
-23
-61
-5
-34
-10
-39
10
-25
-12
-32
7
-2
-25
-24
-8
-5
1
-32
16
-13
11
-57
20
-36
12
-41
26
-15
16
-17
24
-3
20
-11
37
-2
19
-58
29
-44
-6
-83
12
-57
crouching_punch_x
-25
0
1
3
49
-57
63
-45
31
-56
53
-49
13
-59
35
-49
14
-6
-83
12
-57
-7
-61
13
-34
-23
-61
-5
-34
-10
-39
10
-25
-12
-32
7
-2
-25
-24
-8
-5
1
-32
16
-13
11
-57
20
-36
12
-41
26
-15
16
-17
24
-3
20
-11
37
-2
30
-57
52
-50
10
-60
31
-48
51
-55
61
-45
crouching_punch_x
-25
0
1
0
14
-6
-83
12
-57
-7
-61
13
-34
-23
-61
-5
-34
-10
-39
10
-25
-12
-32
7
-2
-25
-24
-8
-5
1
-32
16
-13
11
-57
20
-36
12
-41
26
-15
16
-17
24
-3
20
-11
37
-2
30
-57
52
-50
10
-60
31
-48
51
-55
61
-45
crouching_idle_x
-25
0
1
0
14
-6
-83
12
-57
-7
-61
13
-34
-23
-61
-5
-34
-10
-39
10
-25
-12
-32
7
-2
-25
-24
-8
-5
1
-32
16
-13
11
-57
20
-36
12
-41
26
-15
16
-17
24
-3
20
-11
37
-2
18
-67
29
-55
19
-57
28
-50
18
-53
25
-38
