3
jump_x
-25
-21
2
0
17
-8
-113
9
-87
15
-97
27
-84
16
-86
25
-77
8
-81
23
-66
5
-89
15
-80
-10
-90
10
-66
-22
-91
-8
-79
-24
-80
-8
-64
-13
-71
9
-45
-11
-48
-4
-27
9
-60
26
-45
10
-67
25
-59
23
-68
34
-59
24
-61
32
-48
7
-42
14
-21
15
-46
23
-42
12
-44
20
-38
jump_punch_x
-25
-21
6
3
48
-86
60
-75
28
-86
51
-79
11
-89
29
-79
17
-8
-113
9
-87
12
-44
20
-38
7
-42
14
-21
15
-46
23
-42
5
-89
15
-80
-10
-90
10
-66
-22
-91
-8
-79
-24
-80
-8
-64
-13
-71
9
-45
-11
-48
-4
-27
9
-60
26
-45
10
-67
25
-59
23
-68
34
-59
24
-61
32
-48
10
-89
29
-81
27
-86
50
-80
48
-85
59
-76
jump_x
-25
-21
3
0
17
-8
-113
9
-87
15
-97
27
-84
16
-86
25
-77
8
-81
23
-66
5
-89
15
-80
-10
-90
10
-66
-22
-91
-8
-79
-24
-80
-8
-64
-13
-71
9
-45
-11
-48
-4
-27
9
-60
26
-45
10
-67
25
-59
23
-68
34
-59
24
-61
32
-48
7
-42
14
-21
15
-46
23
-42
12
-44
20
-38
