3
jump_o
-25
-21
3
0
17
-8
-113
9
-87
15
-97
27
-84
16
-86
25
-77
8
-81
23
-66
5
-89
15
-80
-10
-90
10
-66
-22
-91
-8
-79
-24
-80
-8
-64
-13
-71
9
-45
-11
-48
-4
-27
9
-60
26
-45
10
-67
25
-59
23
-68
34
-59
24
-61
32
-48
7
-42
14
-21
15
-46
23
-42
12
-44
20
-38
jump_kick_o
-25
-24
25
7
45
-45
57
-24
32
-38
47
-29
26
-45
39
-32
16
-49
33
-37
13
-55
28
-42
9
-60
19
-44
3
-48
11
-44
20
-7
-113
9
-87
-18
-87
12
-69
-24
-82
-15
-68
-21
-71
7
-64
-9
-68
7
-48
-13
-64
-9
-50
-11
-50
-3
-27
-3
-51
3
-45
9
-87
16
-77
10
-76
19
-66
15
-96
26
-85
17
-87
26
-78
15
-83
22
-74
5
-59
17
-45
15
-56
26
-39
23
-50
32
-37
28
-44
37
-32
37
-38
45
-29
45
-33
53
-24
45
-43
56
-32
jump_o
-25
-21
1
0
17
-8
-113
9
-87
15
-97
27
-84
16
-86
25
-77
8
-81
23
-66
5
-89
15
-80
-10
-90
10
-66
-22
-91
-8
-79
-24
-80
-8
-64
-13
-71
9
-45
-11
-48
-4
-27
9
-60
26
-45
10
-67
25
-59
23
-68
34
-59
24
-61
32
-48
7
-42
14
-21
15
-46
23
-42
12
-44
20
-38
