3
standing_idle_0
-25
0
2
0
20
5
-6
15
0
4
-17
10
-5
3
-33
11
-17
0
-41
10
-31
-8
-107
10
-90
16
-97
26
-85
9
-86
17
-66
17
-86
25
-77
16
-78
22
-68
-17
-58
-2
-39
-14
-41
-3
-26
-17
-27
-8
-9
-17
-11
-11
-1
-14
-7
-4
-1
-2
-54
9
-38
-24
-87
12
-69
-13
-72
6
-55
-24
-70
-13
-63
-6
-113
7
-107
-13
-91
9
-87
standing_punch_o
-25
0
4
3
48
-88
61
-74
28
-88
51
-78
9
-92
30
-79
19
5
-6
15
0
4
-17
10
-5
3
-33
11
-17
0
-41
10
-31
-8
-107
10
-90
-13
-72
6
-55
-13
-91
9
-87
-24
-70
-13
-63
-6
-113
7
-107
-17
-58
-2
-39
-14
-41
-3
-26
-17
-27
-8
-9
-17
-11
-11
-1
-14
-7
-4
-1
-2
-54
9
-38
-24
-87
12
-69
8
-91
31
-79
28
-88
49
-79
50
-86
59
-76
standing_idle_0
-25
0
2
0
20
5
-6
15
0
4
-17
10
-5
3
-33
11
-17
0
-41
10
-31
-8
-107
10
-90
16
-97
26
-85
9
-86
17
-66
17
-86
25
-77
16
-78
22
-68
-17
-58
-2
-39
-14
-41
-3
-26
-17
-27
-8
-9
-17
-11
-11
-1
-14
-7
-4
-1
-2
-54
9
-38
-24
-87
12
-69
-13
-72
6
-55
-24
-70
-13
-63
-6
-113
7
-107
-13
-91
9
-87
