4
standing_idle_0
-25
0
4
0
20
5
-6
15
0
4
-17
10
-5
3
-33
11
-17
0
-41
10
-31
-8
-107
10
-90
16
-97
26
-85
9
-86
17
-66
17
-86
25
-77
16
-78
22
-68
-17
-58
-2
-39
-14
-41
-3
-26
-17
-27
-8
-9
-17
-11
-11
-1
-14
-7
-4
-1
-2
-54
9
-38
-24
-87
12
-69
-13
-72
6
-55
-24
-70
-13
-63
-6
-113
7
-107
-13
-91
9
-87
standing_kick_o
-53
0
8
9
-31
-71
-18
-57
-37
-63
-25
-49
29
-103
39
-90
25
-97
35
-80
16
-87
27
-74
4
-80
21
-53
-53
-46
-41
-35
-46
-56
-33
-42
29
-121
48
-100
13
-16
-59
0
-30
-21
-88
6
-58
-16
-31
-6
-1
-32
-70
-21
-52
-41
-60
-31
-45
-52
-49
-41
-36
-22
-97
-5
-87
3
-97
12
-78
12
-99
37
-90
3
-79
17
-56
19
-90
35
-81
16
-85
26
-68
31
-103
39
-97
standing_kick_o
-53
0
6
0
15
-16
-59
0
-30
-21
-88
6
-58
-16
-31
-6
-1
-32
-70
-21
-52
-41
-60
-31
-45
-52
-49
-41
-36
-22
-97
-5
-87
3
-97
12
-78
12
-99
37
-90
3
-79
17
-56
19
-90
35
-81
16
-85
26
-68
30
-118
40
-106
36
-110
45
-100
31
-103
39
-97
standing_idle_0
-25
0
2
0
20
5
-6
15
0
4
-17
10
-5
3
-33
11
-17
0
-41
10
-31
-8
-107
10
-90
16
-97
26
-85
9
-86
17
-66
17
-86
25
-77
16
-78
22
-68
-17
-58
-2
-39
-14
-41
-3
-26
-17
-27
-8
-9
-17
-11
-11
-1
-14
-7
-4
-1
-2
-54
9
-38
-24
-87
12
-69
-13
-72
6
-55
-24
-70
-13
-63
-6
-113
7
-107
-13
-91
9
-87
