2
standing_idle_0
-25
0
10
0
20
5
-6
15
0
4
-17
10
-5
3
-33
11
-17
0
-41
10
-31
-8
-107
10
-90
16
-97
26
-85
9
-86
17
-66
17
-86
25
-77
16
-78
22
-68
-17
-58
-2
-39
-14
-41
-3
-26
-17
-27
-8
-9
-17
-11
-11
-1
-14
-7
-4
-1
-2
-54
9
-38
-24
-87
12
-69
-13
-72
6
-55
-24
-70
-13
-63
-6
-113
7
-107
-13
-91
9
-87
standing_walk_0
-25
0
10
0
20
-13
-72
6
-55
-24
-87
12
-69
-6
-113
7
-107
-24
-70
-13
-63
-8
-107
10
-90
16
-97
26
-85
9
-86
17
-66
17
-86
25
-77
16
-78
22
-68
-13
-91
9
-87
-15
-60
1
-46
-15
-51
7
-36
-15
-39
-6
-24
-19
-31
-10
-15
-21
-24
-12
-5
-21
-7
-12
-1
-5
-7
12
-1
-2
-33
9
-18
-2
-22
7
-5
-16
-37
9
-33
