2
standing_block_x
-21
0
10
0
18
-21
-88
17
-71
-21
-75
-3
-64
-12
-74
7
-63
-13
-67
5
-55
-17
-57
6
-44
-15
-48
-3
-31
-13
-33
-5
-25
-17
-27
-7
-16
-17
-18
-10
-1
-13
-6
-4
-1
-8
-106
9
-86
-7
-113
3
-105
1
-113
7
-106
8
-97
18
-89
7
-86
21
-62
-2
-52
10
-30
2
-34
12
-6
2
-8
16
-1
standing_block_walk_x
-22
0
10
0
19
-22
-88
16
-71
-22
-75
-4
-64
-13
-74
6
-63
-14
-67
4
-55
-18
-57
5
-44
-16
-48
-4
-31
-14
-33
-6
-25
6
-86
20
-62
-3
-52
9
-30
7
-97
17
-89
-9
-106
8
-86
-8
-113
2
-105
0
-113
6
-106
-16
-31
-7
-22
-21
-30
-10
-8
-21
-9
-11
-1
-4
-8
11
-1
-2
-33
5
-7
3
-32
10
-11
